RUST_Full_Buffer[129, 166, 78, 101, 115, 116, 101, 100, 199, 14, 1, 130, 165, 72, 101, 108, 108, 111, 1, 164, 72, 101, 121, 111, 50]
Sub_Buffer                                                         [130, 165, 72, 101, 108, 108, 111, 1, 164, 72, 101, 121, 111, 50]
Decoded
[
  81, // fixmap - len 1
  A6, // fixstr - len 6
  4E, 65, 73, 74, 65, 64, // hexToUtf8 - 'N', 'e', 's', 't', 'e', 'd'
  C7, // ext8
  E,  // data len - 14
  1,  // ext type - 1
  // rest of array = 14 bytes
  82, // fixmap - len 2
  A5, // fixstr - len 5
  48, 65, 6C, 6C, 6F, // hexToUtf8 - 'H', 'e', 'l', 'l', 'o'
  1, // positive fixint - value 1
  A4, // fixstr - len 4
  48, 65, 79, 6F, // hexToUtf8 - 'H', 'e', 'y', 'o'
  32 // positive fixint - value 50
]

Assemblyscript
[199, 14, 1, 129, 166, 78, 101, 115, 116, 101, 100, 199, 25, 1, 130, 165, 72, 101, 108, 108, 111, 1, 164, 72, 101, 121, 111, 50]
            [129, 166, 78, 101, 115, 116, 101, 100, 199, 25, 1, 130, 165, 72]


COMPLEX

RUST
[
  130, 163, 109, 97, 112,
  
  199, 14, 1, 130, 165, 72, 101, 108, 108, 111, 1, 164, 72, 101, 121, 111, 50, 169, 110, 101, 115, 116, 101, 100, 77, 97, 112,

  NESTED: 199, 25, 1, 129, 166, 78, 101, 115, 116, 101, 100, 199, 14, 1, 130, 165, 72, 101, 108, 108, 111, 1, 164, 72, 101, 121, 111, 50
]

ASSEMBLYSCRIPT
[
  130, 163, 109, 97, 112,
  
  199, 25, 1, 130, 165, 72, 101, 108, 108, 111, 1, 164, 72, 101, 121, 111, 50, 169, 110, 101, 115, 116, 101, 100, 77, 97, 112,
  
  NESTED (WRONG LEN): 199, 14, 1, 129, 166, 78, 101, 115, 116, 101, 100, 199, 14, 1, 130, 165, 72, 101, 108, 108, 111, 1, 164, 72, 101, 121, 111, 50
]